
 33

((((((((((((((((((Dendrophysa_russelii: 0.004050, Johnius_belangerii: 0.006418): 0.001363, Nibea_albiflora_pg: 0.004827): 0.000639, (Pennahia_anea: 0.006374, Pennahia_pawak: 0.003717): 0.001339): 0.000318, Chrysochir_aureus: 0.005452): 0.000678, Otolithes_ruber: 0.005409): 0.001089, ((Collichthys_lucidus_pg: 0.003675, Larimichthys_crocea_pg: 0.002009): 0.003626, (Miichthys_miiuyi: 0.002770, BTP: 0.001181): 0.000263): 0.000610): 0.001870, Sciaenops_ocellatus: 0.003574): 0.016369, (Datnioides_undecimradiatus: 0.028352, Lutjanus_erythropterus: 0.024051): 0.001772): 0.000900, (takifugu: 0.030442, tetraodon: 0.047800): 0.050056): 0.002311, ((stickleback: 0.051298, Sander_lucioperca: 0.017549): 0.007291, Micropterus_salmoides: 0.025295): 0.001463): 0.002035, Cheilinus_undulatus: 0.044195): 0.004161, (anabas: 0.023528, betta: 0.047114): 0.014299): 0.002785, (((poecilia: 0.009282, xmac: 0.012043): 0.047837, medaka: 0.067814): 0.010937, tilapia: 0.042391): 0.006097): 0.010047, neogobius: 0.117326): 0.025412, gadus: 0.115078): 0.027470, salmon: 0.097573): 0.026521, (astyanax: 0.084512, zebrafish: 0.094854): 0.041069): 0.030718, bonytongue: 0.100946, spotted_gar: 0.132561);

  0.030718  0.026521  0.027470  0.025412  0.010047  0.002785  0.004161  0.002035  0.002311  0.000900  0.016369  0.001870  0.001089  0.000678  0.000318  0.000639  0.001363  0.004050  0.006418  0.004827  0.001339  0.006374  0.003717  0.005452  0.005409  0.000610  0.003626  0.003675  0.002009  0.000263  0.002770  0.001181  0.003574  0.001772  0.028352  0.024051  0.050056  0.030442  0.047800  0.001463  0.007291  0.051298  0.017549  0.025295  0.044195  0.014299  0.023528  0.047114  0.006097  0.010937  0.047837  0.009282  0.012043  0.067814  0.042391  0.117326  0.115078  0.097573  0.041069  0.084512  0.094854  0.100946  0.132561

  0.040661 -1.029174 -0.323480 -0.280420  0.110647  1.530093  0.752405 -7.618430 -3.300894 -10.920987 -1.353295  2.634210 -18.524787 -44.380015 -146.870061 -43.371911 -11.059516 -8.008372 -0.835159 -2.443985 -10.766230  2.241261 -2.947740  0.740439  0.281367 -8.091752 -2.389493 -5.050742  2.856914 -270.843652 -3.533894 -52.992554 -2.766616  2.217857  1.190924  0.455293 -0.043238  0.449645 -0.217209 -3.458295  0.344407 -0.324453 -0.876934  0.146471  0.035676 -1.165531  1.077680 -0.222355  1.558033  1.258654 -0.037774  0.617094 -1.476411 -0.129191 -0.090462  0.199526  0.020880 -0.139477 -0.116855  0.339206 -0.513572  0.459445 -0.030837


Hessian

  -2.53e+06 -3.158e+05 -2.119e+04  3.198e+04   7.61e+04  2.094e+05  1.565e+05  1.562e+05  1.111e+05  1.749e+05  1.291e+05   6.16e+04  9.947e+04  4.861e+04  1.671e+05  4.716e+04  7.914e+04  7.951e+04  1.276e+05  7.236e+04   1.39e+05  4.449e+04    1.5e+05  8.476e+04  1.178e+05  1.926e+05  1.166e+05  1.325e+05  1.464e+05   1.46e+05  1.421e+05  2.376e+05  5.055e+04   1.53e+05  9.889e+04  1.314e+05  8.221e+04  9.309e+04  8.596e+04  1.255e+05  1.165e+05   8.62e+04  9.928e+04  1.026e+05  9.337e+04  8.347e+04  8.724e+04  8.358e+04  9.548e+04  5.969e+04  6.787e+04   1.07e+05  1.382e+05  8.223e+04  8.962e+04  6.203e+04  4.417e+04  1.929e+04 -1.001e+05       3975  1.306e+04 -2.416e+05 -1.131e+05
 -3.158e+05 -3.081e+06 -3.265e+05  -7.43e+04       3887  1.075e+05   1.14e+05  1.455e+05  1.509e+05  2.007e+05  8.768e+04  1.451e+05  1.203e+05  1.544e+05      -1170  1.198e+05  7.012e+04  3.431e+04  5.169e+04  8.201e+04       5567      -1874  8.623e+04  1.203e+05  8.879e+04  1.223e+05  1.426e+05  8.769e+04  8.082e+04  2.251e+05  1.918e+05  8.684e+04  9.626e+04  1.887e+05  1.049e+05  1.077e+05  5.378e+04  9.212e+04  1.012e+05  1.262e+05  7.545e+04  7.628e+04   7.87e+04  1.194e+05  5.355e+04  5.105e+04  7.837e+04  6.169e+04  7.748e+04  2.731e+04  2.901e+04  1.307e+05  1.462e+05  2.643e+04  8.439e+04  5.546e+04  5.877e+04 -4.711e+04 -3.493e+05 -1.809e+04      -3388 -3.739e+04      -4505
 -2.119e+04 -3.265e+05 -3.363e+06 -5.561e+05 -3.431e+05 -8.642e+04  1.649e+04       9635  3.405e+04  8.983e+04  3.698e+04 -2.418e+04  7.696e+04  1.923e+05  3.667e+04  1.644e+05  4.912e+04  1.653e+04  8.331e+04   9.76e+04  7.023e+04  2.676e+04  8.015e+04  2.134e+04   9.06e+04  -1.38e+05  1.321e+05  9.857e+04  9.969e+04  1.561e+05  1.313e+05  9.432e+04  6.359e+04    1.2e+05  7.355e+04  2.935e+04  1.947e+04  8.802e+04  6.751e+04  7.367e+04  3.478e+04  5.183e+04  7.137e+04  6.758e+04  1.344e+04  2.681e+04  7.413e+04  4.736e+04  4.166e+04      -5711  1.354e+04  1.906e+04  1.458e+05  4.353e+04  4.471e+04  6.939e+04  5.019e+04 -1.328e+05 -2.851e+04  3.307e+04  2.511e+04  2.751e+04  3.848e+04
  3.198e+04  -7.43e+04 -5.561e+05 -3.723e+06 -1.209e+06 -3.667e+05 -1.429e+05 -1.647e+05 -1.105e+04 -2.944e+04       9790       6687  1.447e+04   1.47e+05 -3.671e+05 -3.794e+04 -1.893e+05 -5.218e+04       5258  2.407e+04  5.039e+04 -1.023e+05      -4507       6540 -6.527e+04 -5.494e+04  7.333e+04  8.139e+04  5.999e+04  2.555e+05  1.952e+04  1.597e+05  1.983e+04 -1.073e+05  2.384e+04 -4.785e+04  -4.17e+04  5.233e+04  3.738e+04 -1.804e+05 -9.682e+04 -3.511e+04  2.706e+04  4.291e+04 -8.168e+04 -3.518e+04  6.188e+04 -6.227e+04  5.184e+04 -7.566e+04 -5.222e+04  7.749e+04  1.677e+05      -6119  5.379e+04  1.488e+05 -1.184e+05       2577  3.693e+04   6.21e+04  5.191e+04  7.174e+04  6.318e+04
   7.61e+04       3887 -3.431e+05 -1.209e+06 -7.677e+06 -1.329e+06 -3.251e+05 -4.569e+05 -1.838e+05 -1.797e+05  -9.99e+04 -3.138e+05 -1.673e+05 -3.112e+05   -3.9e+04 -5.674e+04 -2.756e+05 -6.781e+04 -1.264e+05 -1.074e+05  -1.62e+05 -5.212e+04 -3.506e+04  -1.06e+04 -1.653e+05  5.424e+04 -2.629e+04 -1.001e+05 -1.781e+05  2.964e+04 -7.301e+04  8.117e+04 -5.551e+04  -1.99e+05 -4.498e+04 -1.143e+05 -1.468e+05  4.649e+04  2.825e+04 -4.549e+05 -1.876e+05 -9.486e+04 -1.356e+04       9330  -1.77e+05 -4.393e+04  5.997e+04 -1.064e+05 -3.237e+04 -1.735e+05 -1.024e+05  9.431e+04  1.422e+05 -5.201e+04       7274 -3.482e+05 -2.433e+04  2.534e+04  8.357e+04  9.866e+04  9.079e+04  1.047e+05  9.346e+04
  2.094e+05  1.075e+05 -8.642e+04 -3.667e+05 -1.329e+06 -3.167e+07 -2.939e+06 -2.382e+06 -4.636e+05 -4.485e+05 -4.463e+05 -3.073e+05  -6.63e+05 -1.283e+06 -1.114e+06 -7.347e+05 -1.379e+06 -5.175e+05 -3.939e+05 -2.829e+04 -1.099e+06 -3.148e+05 -3.154e+05 -9.775e+05  -6.16e+05  2.967e+05 -9.738e+04 -7.987e+04 -4.152e+05 -1.623e+06  1.753e+05  -1.25e+05  1.084e+05 -1.752e+06 -3.422e+05 -6.843e+05 -4.389e+05 -8.579e+04 -1.057e+05 -5.597e+05 -5.932e+05  -1.72e+05 -2.596e+05 -2.116e+05 -2.678e+05 -2.099e+05 -6.846e+04 -8.315e+04 -4.681e+06 -9.548e+05  -2.02e+05  2.256e+05  1.587e+05 -1.075e+05 -5.209e+05 -7.999e+04  3.751e+04  8.866e+04  1.512e+05  1.015e+05  1.368e+05  1.661e+05  1.399e+05
  1.565e+05   1.14e+05  1.649e+04 -1.429e+05 -3.251e+05 -2.939e+06 -3.159e+07 -5.216e+06 -1.517e+06 -2.025e+06 -4.586e+05 -3.439e+04 -6.919e+05 -5.199e+05 -1.864e+06 -1.044e+06 -1.505e+05  -1.98e+05 -4.875e+05 -2.047e+05 -1.132e+06 -1.815e+05 -2.435e+05 -3.884e+05 -2.467e+05  2.033e+05 -3.335e+05 -3.911e+05 -5.991e+04 -1.679e+05  1.805e+05 -7.484e+05  -2.62e+04 -1.166e+06 -4.818e+05 -6.014e+05  -4.08e+05  1.347e+04   3.18e+04 -1.505e+06 -2.174e+06 -1.401e+05  -5.35e+05 -3.393e+05  5.786e+04 -1.211e+06 -1.764e+05  2.279e+04 -1.251e+06 -2.399e+05 -7.585e+04  1.508e+05  1.301e+05  5.042e+04 -2.489e+05     -416.2      5e+04  4.609e+04  1.178e+05  1.184e+05   8.97e+04  1.721e+05  1.165e+05
  1.562e+05  1.455e+05       9635 -1.647e+05 -4.569e+05 -2.382e+06 -5.216e+06 -5.486e+07 -4.105e+06 -2.185e+06 -5.548e+05 -9.032e+04 -7.047e+05  1.381e+05 -2.151e+06 -4.669e+05 -8.914e+05 -8.058e+05 -5.874e+05 -7.728e+05 -6.445e+05 -9.986e+05 -9.191e+04 -4.709e+05 -2.018e+05  2.742e+05 -5.738e+05 -1.068e+06 -4.909e+05 -2.739e+06 -5.025e+05 -8.631e+05  -1.79e+05 -8.269e+05  -6.79e+05 -7.494e+05 -4.739e+05  3.022e+04 -5.545e+04 -3.602e+06 -7.189e+05 -3.154e+05 -5.208e+05 -5.226e+05 -8.128e+05 -7.954e+05 -5.443e+05 -2.259e+05 -9.897e+05 -3.518e+05 -1.286e+05  1.134e+05  8.712e+04 -2.719e+04 -4.077e+05  2.805e+04  3.428e+04  2.786e+04   1.82e+05  1.389e+05  1.183e+05  1.654e+05  1.515e+05
  1.111e+05  1.509e+05  3.405e+04 -1.105e+04 -1.838e+05 -4.636e+05 -1.517e+06 -4.105e+06 -5.644e+07 -1.614e+07 -1.099e+06 -7.645e+05 -1.594e+06  -3.43e+05 -1.832e+06 -1.621e+06 -7.367e+05       6642 -5.673e+05 -1.571e+05 -4.953e+05 -2.607e+05 -8.272e+04 -3.756e+05 -2.445e+05  9.942e+04 -3.973e+04 -4.376e+05 -1.331e+05 -7.495e+05 -3.036e+05 -1.601e+05 -9.287e+04 -3.058e+06 -7.613e+05 -8.031e+05   -1.5e+05  1.176e+05  6.225e+04 -4.688e+06 -1.126e+06 -1.587e+05 -5.873e+05 -6.726e+05 -5.774e+05 -2.841e+05 -2.605e+05 -8.495e+04 -6.138e+05 -4.722e+05 -1.814e+05  1.173e+05 -6.612e+04 -8.318e+04 -2.673e+05 -6.355e+04  1.303e+04  1.055e+05  1.272e+05  1.265e+05   1.18e+05  8.692e+04  1.132e+05
  1.749e+05  2.007e+05  8.983e+04 -2.944e+04 -1.797e+05 -4.485e+05 -2.025e+06 -2.185e+06 -1.614e+07  -1.08e+08 -1.844e+06 -9.181e+05 -1.168e+06 -3.329e+05 -5.543e+05 -2.856e+06 -1.047e+06 -3.045e+05 -3.269e+05      -6926  2.312e+05 -5.954e+05  -3.13e+05  1.091e+05  2.203e+05  7.057e+04 -4.584e+05 -1.129e+06  2.935e+05 -5.354e+05 -6.805e+04  1.027e+05   6.27e+04 -3.913e+06 -5.281e+05 -8.107e+05 -3.534e+05  6.709e+04  9.902e+04 -2.896e+06  -1.34e+06 -5.218e+04 -5.739e+05 -9.086e+05 -8.716e+05  -5.94e+05 -2.314e+05 -2.071e+05  -5.79e+05 -5.366e+05 -6.217e+04  1.348e+05  7.948e+04 -3.927e+04 -2.045e+05  1.081e+04  8.965e+04  1.572e+05  1.749e+05  1.854e+05  1.077e+05  1.372e+05  1.768e+05
  1.291e+05  8.768e+04  3.698e+04       9790  -9.99e+04 -4.463e+05 -4.586e+05 -5.548e+05 -1.099e+06 -1.844e+06 -1.102e+07 -2.153e+06 -1.076e+06 -2.665e+06 -1.198e+06 -1.395e+06 -1.107e+06 -6.683e+05 -7.465e+05 -3.342e+05 -9.897e+05 -8.236e+05 -6.874e+05 -6.263e+05 -7.622e+05 -4.649e+05 -4.231e+05 -5.871e+05 -4.554e+05  -2.93e+05   -4.6e+05 -3.514e+05  6.369e+04 -7.613e+05  -3.08e+05 -3.914e+05 -5.123e+04  1.377e+05  1.115e+05 -1.502e+06 -4.993e+05 -3.567e+04  -2.74e+05 -3.855e+05  -2.84e+05 -2.167e+05 -1.688e+05 -7.235e+04 -1.735e+05 -1.787e+05 -4.771e+04  1.128e+05  3.392e+04 -1.311e+04 -7.716e+04  2.397e+04  6.355e+04  1.251e+05   1.32e+05  8.711e+04  7.378e+04  1.022e+05  1.012e+05
   6.16e+04  1.451e+05 -2.418e+04       6687 -3.138e+05 -3.073e+05 -3.439e+04 -9.032e+04 -7.645e+05 -9.181e+05 -2.153e+06 -8.073e+07 -6.879e+05 -2.108e+06 -4.707e+06 -9.575e+05 -2.707e+06 -1.208e+06 -1.184e+06 -1.553e+06 -4.115e+05 -1.389e+06 -7.218e+05 -1.225e+06 -1.108e+06 -2.604e+06 -2.112e+06  -2.37e+05 -9.192e+05 -3.328e+06 -3.539e+05 -1.586e+06 -3.759e+06 -9.376e+05 -1.822e+05 -2.479e+05  2.324e+04 -3.543e+04  1.233e+05 -1.821e+05  -1.34e+05 -1.066e+05 -3.132e+05 -2.221e+05 -2.883e+05 -7.426e+04 -9.911e+04 -9.511e+04 -1.153e+05 -3.155e+05  2.021e+04 -6.915e+04  1.527e+05  9.224e+04 -9.625e+04  4.921e+04   1.11e+05  1.026e+05  8.085e+04  5.442e+04  7.593e+04  7.596e+04  2.978e+04
  9.947e+04  1.203e+05  7.696e+04  1.447e+04 -1.673e+05  -6.63e+05 -6.919e+05 -7.047e+05 -1.594e+06 -1.168e+06 -1.076e+06 -6.879e+05 -1.727e+08 -5.668e+06  -1.06e+07 -7.705e+06 -2.073e+06 -8.703e+05 -1.335e+06 -4.957e+06 -2.454e+06 -1.105e+06 -1.703e+06 -2.053e+06 -1.214e+06 -9.849e+06 -3.096e+06 -1.649e+06 -1.141e+06 -7.262e+06  -2.01e+06 -3.314e+06 -8.246e+05 -2.957e+05 -2.766e+05 -6.754e+05 -3.862e+05 -1.551e+05 -6.995e+04 -1.222e+05 -3.015e+05 -2.536e+04 -4.764e+05 -4.143e+04 -2.416e+05 -1.032e+05  -2.11e+05 -2.248e+05 -3.098e+05  1.331e+04  2.896e+04 -1.329e+05 -2.076e+05  3.739e+04 -1.689e+05  2.283e+04  6.214e+04  1.167e+05  2.079e+05   1.63e+05   7.99e+04  1.512e+05   1.15e+05
  4.861e+04  1.544e+05  1.923e+05   1.47e+05 -3.112e+05 -1.283e+06 -5.199e+05  1.381e+05  -3.43e+05 -3.329e+05 -2.665e+06 -2.108e+06 -5.668e+06 -2.579e+08 -9.321e+06 -1.292e+07 -3.572e+06 -3.278e+06 -2.392e+06 -1.904e+06 -6.619e+06 -2.528e+06 -2.152e+06 -2.748e+06 -1.441e+06 -8.166e+06 -1.167e+06 -2.705e+06 -3.294e+06 -9.514e+06 -8.538e+05 -3.167e+05 -1.299e+06 -5.044e+05 -1.999e+05 -1.055e+05 -4.094e+05  2.688e+04 -9.534e+04  1.913e+05 -2.289e+05  -9.07e+04 -2.443e+05 -8.395e+04  4.621e+04 -2.351e+04 -5.916e+04 -2.244e+05 -5.332e+05 -2.285e+05 -1.847e+05  1.986e+05  1.729e+05  3.636e+04 -4.132e+05       1930  3.069e+04   1.44e+05  6.909e+04  7.148e+04  2.756e+04  7.032e+04   1.42e+05
  1.671e+05      -1170  3.667e+04 -3.671e+05   -3.9e+04 -1.114e+06 -1.864e+06 -2.151e+06 -1.832e+06 -5.543e+05 -1.198e+06 -4.707e+06  -1.06e+07 -9.321e+06 -4.792e+08 -1.842e+07 -8.331e+06 -6.432e+06 -2.293e+06 -3.989e+06 -1.291e+07 -1.271e+06 -2.701e+06 -3.543e+06 -1.929e+06 -8.946e+06 -3.083e+06  -1.95e+06  6.292e+05 -8.913e+06 -2.108e+06  1.316e+05  6.001e+04 -2.177e+06 -8.039e+05 -9.917e+05 -6.182e+04  6.499e+04  2.356e+05  1.784e+05 -1.184e+05 -1.082e+05  2.484e+05  3.383e+05 -4.188e+05  4.445e+05 -1.056e+05  5.738e+04       4176 -6.268e+05  2.906e+05 -6.079e+05 -3.965e+04 -1.292e+04 -2.801e+04  2.283e+05  1.315e+05  7.249e+04  7.236e+04  2.445e+05  1.091e+05  1.048e+05  1.506e+05
  4.716e+04  1.198e+05  1.644e+05 -3.794e+04 -5.674e+04 -7.347e+05 -1.044e+06 -4.669e+05 -1.621e+06 -2.856e+06 -1.395e+06 -9.575e+05 -7.705e+06 -1.292e+07 -1.842e+07 -2.584e+08  -3.59e+06 -3.258e+06 -1.779e+06  -4.05e+06 -8.659e+06 -3.244e+06 -1.707e+06 -6.299e+06 -2.667e+06 -5.938e+06 -2.062e+06  -2.16e+06 -5.542e+06 -9.208e+06  1.017e+05  -6.16e+05 -1.544e+06 -9.739e+05  -5.16e+05 -3.779e+05 -1.565e+05  3.074e+04  1.293e+05 -4.937e+05  1.344e+05  2.394e+05 -2.699e+04   5.77e+04 -2.858e+05       7074  1.033e+05 -1.182e+05 -8.511e+05 -5.483e+05 -1.322e+05 -1.143e+05  -1.68e+05  2.823e+04 -1.659e+05  4.254e+04  1.924e+05  5.336e+04 -1.927e+04  8.301e+04  1.891e+05  5.917e+04  2.013e+05
  7.914e+04  7.012e+04  4.912e+04 -1.893e+05 -2.756e+05 -1.379e+06 -1.505e+05 -8.914e+05 -7.367e+05 -1.047e+06 -1.107e+06 -2.707e+06 -2.073e+06 -3.572e+06 -8.331e+06  -3.59e+06 -1.378e+08 -2.465e+06 -1.106e+06 -1.183e+06  -3.35e+06 -4.623e+06 -2.922e+06  -2.68e+06 -3.858e+06 -3.136e+06 -2.857e+06 -2.925e+05 -3.138e+06  3.402e+05 -5.783e+05 -1.298e+06  1.003e+05 -1.048e+06 -1.412e+05 -4.208e+05 -1.669e+05       9052 -7.384e+04 -3.909e+05  -8.36e+05 -5.625e+04 -1.913e+05  4.535e+04 -2.872e+05  1.314e+05 -1.041e+05 -1.175e+05  3.288e+05  -3.82e+05     -467.7  2.382e+05  1.555e+05 -2.979e+04 -3.874e+04  7.007e+04  1.658e+04  6.729e+04  1.181e+05  1.094e+05  1.417e+05  1.124e+05  2.267e+04
  7.951e+04  3.431e+04  1.653e+04 -5.218e+04 -6.781e+04 -5.175e+05  -1.98e+05 -8.058e+05       6642 -3.045e+05 -6.683e+05 -1.208e+06 -8.703e+05 -3.278e+06 -6.432e+06 -3.258e+06 -2.465e+06 -4.906e+07 -6.512e+05 -1.964e+06 -2.162e+06 -1.753e+06 -1.158e+06 -1.959e+06 -1.639e+06 -3.313e+06 -1.554e+06 -7.139e+05 -1.762e+05 -4.468e+06 -7.994e+05 -1.523e+06 -3.859e+05 -1.604e+05 -1.938e+05 -2.625e+05 -1.136e+05  8.874e+04  7.765e+04 -4.231e+05  5.319e+04 -7.499e+04 -7.629e+04  3.973e+04 -7.661e+04  3.433e+04  1.214e+05 -1.397e+05 -1.508e+05 -7.303e+04 -1.072e+05 -1.528e+05  -1.14e+04       9035 -9.671e+04  9.747e+04  2.974e+04  1.463e+05   4.86e+04   1.06e+05  1.148e+05  7.757e+04  1.044e+05
  1.276e+05  5.169e+04  8.331e+04       5258 -1.264e+05 -3.939e+05 -4.875e+05 -5.874e+05 -5.673e+05 -3.269e+05 -7.465e+05 -1.184e+06 -1.335e+06 -2.392e+06 -2.293e+06 -1.779e+06 -1.106e+06 -6.512e+05 -3.117e+07 -1.991e+06 -2.234e+06  -2.41e+06 -1.213e+06 -2.263e+06 -1.631e+06  -1.58e+06 -1.737e+06 -9.711e+05 -5.373e+05 -2.535e+06 -3.991e+05 -2.522e+05 -5.055e+05  -2.51e+05 -1.498e+05  -4.29e+04 -1.042e+05  1.072e+05  4.084e+04 -4.017e+05 -2.245e+05  -6.01e+04 -1.061e+05 -1.918e+05 -1.236e+05      -5202  2.202e+04  -4.96e+04 -1.728e+05 -3.056e+04 -4.846e+04       7944   2.19e+05  4.012e+04 -2.607e+04   7.51e+04   6.71e+04  7.879e+04  1.067e+05  8.169e+04  7.842e+04  7.337e+04  1.036e+05
  7.236e+04  8.201e+04   9.76e+04  2.407e+04 -1.074e+05 -2.829e+04 -2.047e+05 -7.728e+05 -1.571e+05      -6926 -3.342e+05 -1.553e+06 -4.957e+06 -1.904e+06 -3.989e+06  -4.05e+06 -1.183e+06 -1.964e+06 -1.991e+06 -4.151e+07 -3.394e+06 -1.621e+06  -1.42e+06 -1.761e+06 -1.308e+06 -2.304e+06  -1.57e+06 -7.137e+05 -1.525e+06 -2.561e+06 -2.012e+06 -1.608e+06 -7.188e+05 -9.482e+04 -1.287e+05 -1.472e+05 -5.879e+04       5752       4327 -3.593e+05 -2.695e+05      -7342 -1.529e+05 -3.049e+04 -1.655e+05  4.869e+04   3.87e+04  6.979e+04 -8.403e+04 -1.677e+05 -2.718e+04       9190  8.957e+04 -5.337e+04  2.457e+04  7.751e+04  8.219e+04  1.069e+05  1.278e+05  1.126e+05  7.361e+04  8.406e+04  8.586e+04
   1.39e+05       5567  7.023e+04  5.039e+04  -1.62e+05 -1.099e+06 -1.132e+06 -6.445e+05 -4.953e+05  2.312e+05 -9.897e+05 -4.115e+05 -2.454e+06 -6.619e+06 -1.291e+07 -8.659e+06  -3.35e+06 -2.162e+06 -2.234e+06 -3.394e+06 -1.394e+08 -5.546e+05 -1.857e+06 -4.661e+06 -2.695e+06 -6.826e+04 -2.523e+06  9.623e+04 -1.661e+06 -2.743e+05  1.054e+04  2.578e+04 -1.157e+06 -6.993e+05 -3.157e+05 -3.713e+05 -1.166e+05  5.722e+04  1.926e+05 -1.168e+06  -6.48e+05 -1.157e+05 -6.174e+04 -1.572e+05 -1.687e+05  1.812e+05 -3.497e+05   3.73e+04 -2.234e+05 -3.759e+05 -1.346e+05  9.882e+04  7.589e+04   1.02e+05 -3.135e+04  8.129e+04  8.372e+04   1.82e+05  1.322e+05  9.685e+04  5.399e+04  1.479e+05  1.302e+05
  4.449e+04      -1874  2.676e+04 -1.023e+05 -5.212e+04 -3.148e+05 -1.815e+05 -9.986e+05 -2.607e+05 -5.954e+05 -8.236e+05 -1.389e+06 -1.105e+06 -2.528e+06 -1.271e+06 -3.244e+06 -4.623e+06 -1.753e+06  -2.41e+06 -1.621e+06 -5.546e+05 -3.155e+07 -1.093e+05 -1.674e+06 -2.106e+06 -2.603e+06 -2.409e+06 -6.757e+05 -8.347e+05 -4.782e+05 -6.705e+05 -1.186e+06 -7.216e+05  -6.37e+05 -2.388e+05 -2.605e+05 -4.524e+04  1.491e+05       8344 -6.326e+05  2.619e+04 -3.246e+04 -1.261e+05 -6.702e+04 -1.735e+05 -4.652e+04 -6.693e+04  -1.24e+05 -2.709e+05 -8.654e+04 -5.696e+04  7.058e+04  4.931e+04 -1.842e+04 -6.916e+04  4.394e+04   8.33e+04  1.496e+05  1.059e+05  4.595e+04  9.237e+04  7.173e+04  8.278e+04
    1.5e+05  8.623e+04  8.015e+04      -4507 -3.506e+04 -3.154e+05 -2.435e+05 -9.191e+04 -8.272e+04  -3.13e+05 -6.874e+05 -7.218e+05 -1.703e+06 -2.152e+06 -2.701e+06 -1.707e+06 -2.922e+06 -1.158e+06 -1.213e+06  -1.42e+06 -1.857e+06 -1.093e+05 -5.444e+07 -1.906e+06 -9.165e+05 -1.787e+06 -1.488e+06 -1.023e+06 -1.291e+06  -4.63e+05 -1.631e+06 -1.078e+06 -3.483e+05 -5.032e+05 -2.176e+05 -1.244e+05  4.353e+04  8.246e+04  9.434e+04 -2.593e+05 -7.297e+04  -4.62e+04 -1.482e+05 -1.393e+05 -3.896e+04  -1.22e+05 -6.004e+04 -6.796e+04 -6.294e+04  -1.16e+05  2.127e+04  2.419e+05 -4.555e+04  2.447e+04 -4.397e+04  3.492e+04  4.581e+04  1.258e+05  1.291e+05  8.295e+04  1.373e+05  6.027e+04  8.731e+04
  8.476e+04  1.203e+05  2.134e+04       6540  -1.06e+04 -9.775e+05 -3.884e+05 -4.709e+05 -3.756e+05  1.091e+05 -6.263e+05 -1.225e+06 -2.053e+06 -2.748e+06 -3.543e+06 -6.299e+06  -2.68e+06 -1.959e+06 -2.263e+06 -1.761e+06 -4.661e+06 -1.674e+06 -1.906e+06 -3.693e+07 -2.104e+06 -1.538e+06 -2.782e+06  -5.87e+05 -2.199e+05 -1.176e+06 -1.511e+06  -9.88e+05 -5.094e+05 -1.337e+05 -2.687e+05 -2.399e+05 -9.359e+04  9.861e+04  5.155e+04  1.501e+05      -5948 -6.434e+04  9.592e+04 -1.074e+05 -2.936e+05 -8.087e+04 -1.243e+05  5.285e+04 -3.335e+05      -4604 -6.613e+04  2.014e+05   1.83e+04  2.393e+04 -5.354e+04   8.64e+04  4.961e+04  1.128e+05  1.364e+05  9.837e+04  1.162e+05  1.088e+05  1.106e+05
  1.178e+05  8.879e+04   9.06e+04 -6.527e+04 -1.653e+05  -6.16e+05 -2.467e+05 -2.018e+05 -2.445e+05  2.203e+05 -7.622e+05 -1.108e+06 -1.214e+06 -1.441e+06 -1.929e+06 -2.667e+06 -3.858e+06 -1.639e+06 -1.631e+06 -1.308e+06 -2.695e+06 -2.106e+06 -9.165e+05 -2.104e+06 -3.713e+07 -1.482e+06  -1.54e+06 -1.178e+06 -9.882e+05   -3.3e+06  -9.81e+05 -3.531e+05 -6.632e+05 -5.408e+05 -8.761e+04 -3.371e+05 -8.785e+04  3.831e+04  3.191e+04 -1.315e+05 -1.454e+05 -8.669e+04  2.745e+04 -2.243e+04 -1.525e+05       8945       5546       3940 -3.864e+05 -6.255e+04  2.759e+04 -9.679e+04  2.081e+05 -1.417e+04 -9.212e+04  6.882e+04  9.833e+04   1.52e+05       9841  1.003e+05  4.496e+04  9.663e+04  1.238e+05
  1.926e+05  1.223e+05  -1.38e+05 -5.494e+04  5.424e+04  2.967e+05  2.033e+05  2.742e+05  9.942e+04  7.057e+04 -4.649e+05 -2.604e+06 -9.849e+06 -8.166e+06 -8.946e+06 -5.938e+06 -3.136e+06 -3.313e+06  -1.58e+06 -2.304e+06 -6.826e+04 -2.603e+06 -1.787e+06 -1.538e+06 -1.482e+06 -2.882e+08 -2.446e+06 -2.099e+06 -1.177e+06 -1.577e+07 -1.571e+06 -5.301e+06   -1.5e+06 -4.236e+05 -3.564e+04 -4.169e+05 -2.852e+05 -1.904e+05  3.428e+04 -9.725e+05 -2.057e+04  2.341e+05 -2.524e+05 -1.309e+05 -2.416e+05   -6.9e+04 -2.474e+05  1.424e+05 -2.221e+05 -1.703e+05  1.841e+05  4.969e+05  2.552e+05 -9.323e+04  6.107e+04  2.494e+04   1.11e+05  1.617e+05  5.768e+04  1.707e+05  7.932e+04  1.823e+05  1.701e+05
  1.166e+05  1.426e+05  1.321e+05  7.333e+04 -2.629e+04 -9.738e+04 -3.335e+05 -5.738e+05 -3.973e+04 -4.584e+05 -4.231e+05 -2.112e+06 -3.096e+06 -1.167e+06 -3.083e+06 -2.062e+06 -2.857e+06 -1.554e+06 -1.737e+06  -1.57e+06 -2.523e+06 -2.409e+06 -1.488e+06 -2.782e+06  -1.54e+06 -2.446e+06  -5.56e+07  1.643e+05 -7.093e+05  -5.46e+06 -2.405e+06 -2.008e+06 -1.049e+06 -4.451e+05 -2.865e+05 -3.666e+05  6.389e+04 -5.332e+04  4.936e+04 -4.245e+05   -7.1e+05  2.667e+04 -4.295e+05 -1.279e+05 -8.008e+04 -2.168e+05      -2775  3.001e+04 -4.947e+04 -1.435e+05 -1.028e+04  1.874e+05 -5.482e+04     -360.9 -1.955e+04  5.567e+04  7.444e+04  1.052e+05  1.447e+04   9.47e+04  9.278e+04  1.166e+05  1.011e+05
  1.325e+05  8.769e+04  9.857e+04  8.139e+04 -1.001e+05 -7.987e+04 -3.911e+05 -1.068e+06 -4.376e+05 -1.129e+06 -5.871e+05  -2.37e+05 -1.649e+06 -2.705e+06  -1.95e+06  -2.16e+06 -2.925e+05 -7.139e+05 -9.711e+05 -7.137e+05  9.623e+04 -6.757e+05 -1.023e+06  -5.87e+05 -1.178e+06 -2.099e+06  1.643e+05 -5.533e+07 -7.247e+05 -1.752e+06 -4.577e+05 -1.038e+06 -3.318e+05 -2.239e+05 -1.194e+05 -2.494e+05 -1.508e+05  1.153e+04  5.849e+04 -4.857e+05 -3.102e+05  1.284e+04 -3.041e+05 -1.996e+05 -1.616e+05 -3.595e+05  3.658e+04  7.043e+04  3.408e+04  2.464e+04  8.641e+04  5.382e+04  3.235e+04 -7.451e+04 -1.823e+04  2.333e+04  6.181e+04  1.223e+05   1.35e+05  7.753e+04  7.117e+04  5.587e+04   7.42e+04
  1.464e+05  8.082e+04  9.969e+04  5.999e+04 -1.781e+05 -4.152e+05 -5.991e+04 -4.909e+05 -1.331e+05  2.935e+05 -4.554e+05 -9.192e+05 -1.141e+06 -3.294e+06  6.292e+05 -5.542e+06 -3.138e+06 -1.762e+05 -5.373e+05 -1.525e+06 -1.661e+06 -8.347e+05 -1.291e+06 -2.199e+05 -9.882e+05 -1.177e+06 -7.093e+05 -7.247e+05 -1.009e+08 -2.606e+06 -4.685e+05 -1.623e+06 -7.143e+05 -1.974e+06 -2.132e+04 -1.577e+04  3.271e+04  1.094e+04  9.597e+04 -1.213e+06 -3.499e+05  4.138e+04 -2.506e+05 -1.093e+05 -2.074e+05   1.58e+05 -8.795e+04  5.778e+04 -8.459e+04  2.289e+04  1.393e+05 -3.222e+05  5.419e+04       1275 -6.523e+04  5.267e+04  6.929e+04  7.726e+04  -5.77e+04  1.148e+05  1.071e+05  5.947e+04   1.16e+05
   1.46e+05  2.251e+05  1.561e+05  2.555e+05  2.964e+04 -1.623e+06 -1.679e+05 -2.739e+06 -7.495e+05 -5.354e+05  -2.93e+05 -3.328e+06 -7.262e+06 -9.514e+06 -8.913e+06 -9.208e+06  3.402e+05 -4.468e+06 -2.535e+06 -2.561e+06 -2.743e+05 -4.782e+05  -4.63e+05 -1.176e+06   -3.3e+06 -1.577e+07  -5.46e+06 -1.752e+06 -2.606e+06 -5.747e+08 -1.563e+06   -2.7e+07 -3.785e+06 -2.449e+06  -8.23e+05 -1.107e+06 -7.557e+04 -3.114e+05       6826  4.556e+05  1.856e+05  1.758e+05  4.276e+04 -5.331e+05 -1.531e+05 -1.239e+05 -1.486e+05  1.387e+05      -2615 -4.901e+05 -1.665e+04 -2.082e+05 -1.429e+06  1.543e+05 -3.913e+04  1.835e+05  2.103e+05 -4.769e+04       -838  8.577e+04  1.124e+05   1.61e+05      882.7
  1.421e+05  1.918e+05  1.313e+05  1.952e+04 -7.301e+04  1.753e+05  1.805e+05 -5.025e+05 -3.036e+05 -6.805e+04   -4.6e+05 -3.539e+05  -2.01e+06 -8.538e+05 -2.108e+06  1.017e+05 -5.783e+05 -7.994e+05 -3.991e+05 -2.012e+06  1.054e+04 -6.705e+05 -1.631e+06 -1.511e+06  -9.81e+05 -1.571e+06 -2.405e+06 -4.577e+05 -4.685e+05 -1.563e+06   -6.1e+07 -2.014e+06  -7.98e+05 -4.286e+05 -7.201e+04 -2.396e+05 -1.147e+04  1.406e+05  4.368e+04  -3.44e+05 -2.791e+05  1.146e+05 -4.128e+04  -1.98e+05 -4.678e+04 -7.096e+04 -4.892e+04      -5256  2.972e+05  5.285e+04  4.045e+04  1.681e+05   1.02e+05  3.823e+04   3.56e+04   2.07e+04   5.04e+04  1.194e+05  1.525e+05  6.062e+04  1.401e+05  1.202e+05  6.405e+04
  2.376e+05  8.684e+04  9.432e+04  1.597e+05  8.117e+04  -1.25e+05 -7.484e+05 -8.631e+05 -1.601e+05  1.027e+05 -3.514e+05 -1.586e+06 -3.314e+06 -3.167e+05  1.316e+05  -6.16e+05 -1.298e+06 -1.523e+06 -2.522e+05 -1.608e+06  2.578e+04 -1.186e+06 -1.078e+06  -9.88e+05 -3.531e+05 -5.301e+06 -2.008e+06 -1.038e+06 -1.623e+06   -2.7e+07 -2.014e+06 -1.656e+08 -2.252e+06 -9.639e+05 -1.482e+05 -3.034e+05 -1.456e+05   1.12e+05  6.577e+04 -1.658e+06  8.087e+04   7.87e+04 -1.567e+05 -3.077e+05 -1.015e+05 -3.186e+05 -3.146e+04  2.953e+04  5.451e+04       8163  2.576e+04  -4.62e+04 -1.451e+05 -5.237e+04 -7.213e+04 -1.809e+04  1.071e+05  1.077e+05  1.076e+05  1.045e+05   7.85e+04  6.259e+04  1.075e+05
  5.055e+04  9.626e+04  6.359e+04  1.983e+04 -5.551e+04  1.084e+05  -2.62e+04  -1.79e+05 -9.287e+04   6.27e+04  6.369e+04 -3.759e+06 -8.246e+05 -1.299e+06  6.001e+04 -1.544e+06  1.003e+05 -3.859e+05 -5.055e+05 -7.188e+05 -1.157e+06 -7.216e+05 -3.483e+05 -5.094e+05 -6.632e+05   -1.5e+06 -1.049e+06 -3.318e+05 -7.143e+05 -3.785e+06  -7.98e+05 -2.252e+06 -4.308e+07 -1.288e+04 -3.599e+04 -1.024e+05 -1.251e+04  1.259e+05  7.309e+04   1.15e+05 -9.709e+04       4415 -2.058e+05 -1.775e+05 -4.361e+04  -7.14e+04  -8.34e+04  6.897e+04 -2.106e+05 -9.821e+04  4.059e+04  1.823e+05  3.685e+04  1.291e+04 -3.325e+04  5.582e+04  5.661e+04  6.429e+04  6.988e+04  3.724e+04  4.261e+04  7.323e+04  5.784e+04
   1.53e+05  1.887e+05    1.2e+05 -1.073e+05  -1.99e+05 -1.752e+06 -1.166e+06 -8.269e+05 -3.058e+06 -3.913e+06 -7.613e+05 -9.376e+05 -2.957e+05 -5.044e+05 -2.177e+06 -9.739e+05 -1.048e+06 -1.604e+05  -2.51e+05 -9.482e+04 -6.993e+05  -6.37e+05 -5.032e+05 -1.337e+05 -5.408e+05 -4.236e+05 -4.451e+05 -2.239e+05 -1.974e+06 -2.449e+06 -4.286e+05 -9.639e+05 -1.288e+04 -6.351e+07 -1.718e+06 -2.149e+06 -2.282e+05  5.762e+04 -3.414e+04 -1.649e+06   -8.2e+05      -5405 -4.892e+05 -4.315e+05 -5.088e+05 -7.154e+05 -1.747e+05 -8.834e+04 -6.198e+05 -3.952e+05 -2.004e+05 -7.144e+04  3.331e+04  -4.77e+04  -3.43e+05  3.707e+04  6.102e+04  1.079e+05  1.521e+05  7.488e+04  1.404e+05  7.788e+04  1.161e+05
  9.889e+04  1.049e+05  7.355e+04  2.384e+04 -4.498e+04 -3.422e+05 -4.818e+05  -6.79e+05 -7.613e+05 -5.281e+05  -3.08e+05 -1.822e+05 -2.766e+05 -1.999e+05 -8.039e+05  -5.16e+05 -1.412e+05 -1.938e+05 -1.498e+05 -1.287e+05 -3.157e+05 -2.388e+05 -2.176e+05 -2.687e+05 -8.761e+04 -3.564e+04 -2.865e+05 -1.194e+05 -2.132e+04  -8.23e+05 -7.201e+04 -1.482e+05 -3.599e+04 -1.718e+06 -6.417e+06  5.443e+04 -6.811e+04  4.612e+04  5.047e+04 -5.832e+05 -1.981e+05      -7944 -7.481e+04 -1.067e+05  -9.54e+04 -1.267e+05 -5.875e+04  2.955e+04 -2.461e+05 -9.704e+04 -1.225e+04 -1.299e+04 -3.636e+05  2.497e+04 -3.316e+04  4.421e+04  1.027e+05  1.121e+05   1.04e+05  9.342e+04    9.4e+04  9.077e+04  9.038e+04
  1.314e+05  1.077e+05  2.935e+04 -4.785e+04 -1.143e+05 -6.843e+05 -6.014e+05 -7.494e+05 -8.031e+05 -8.107e+05 -3.914e+05 -2.479e+05 -6.754e+05 -1.055e+05 -9.917e+05 -3.779e+05 -4.208e+05 -2.625e+05  -4.29e+04 -1.472e+05 -3.713e+05 -2.605e+05 -1.244e+05 -2.399e+05 -3.371e+05 -4.169e+05 -3.666e+05 -2.494e+05 -1.577e+04 -1.107e+06 -2.396e+05 -3.034e+05 -1.024e+05 -2.149e+06  5.443e+04 -7.599e+06 -9.019e+04  3.445e+04  8.445e+04 -6.236e+05  -1.93e+05  1.854e+04 -7.152e+04 -1.513e+05 -2.422e+05 -1.548e+05  -9.62e+04 -4.489e+04 -2.787e+05 -1.239e+05       3226  1.176e+05  1.243e+04  1.925e+04  -9.22e+04  3.305e+04  6.542e+04   9.64e+04  1.029e+05  8.692e+04  1.083e+05  1.021e+05   1.07e+05
  8.221e+04  5.378e+04  1.947e+04  -4.17e+04 -1.468e+05 -4.389e+05  -4.08e+05 -4.739e+05   -1.5e+05 -3.534e+05 -5.123e+04  2.324e+04 -3.862e+05 -4.094e+05 -6.182e+04 -1.565e+05 -1.669e+05 -1.136e+05 -1.042e+05 -5.879e+04 -1.166e+05 -4.524e+04  4.353e+04 -9.359e+04 -8.785e+04 -2.852e+05  6.389e+04 -1.508e+05  3.271e+04 -7.557e+04 -1.147e+04 -1.456e+05 -1.251e+04 -2.282e+05 -6.811e+04 -9.019e+04 -3.043e+06 -1.474e+05  5.458e+04 -1.635e+05  -9.19e+04      -9650 -3.581e+04  -2.72e+04 -9.798e+04 -8.773e+04  2.955e+04 -1.671e+04 -1.516e+05 -1.563e+05 -1.156e+04  4.279e+04  1.096e+05 -2.325e+04 -2.401e+04  2.494e+04  4.081e+04  8.671e+04  5.847e+04  8.171e+04  6.873e+04  7.203e+04  8.292e+04
  9.309e+04  9.212e+04  8.802e+04  5.233e+04  4.649e+04 -8.579e+04  1.347e+04  3.022e+04  1.176e+05  6.709e+04  1.377e+05 -3.543e+04 -1.551e+05  2.688e+04  6.499e+04  3.074e+04       9052  8.874e+04  1.072e+05       5752  5.722e+04  1.491e+05  8.246e+04  9.861e+04  3.831e+04 -1.904e+05 -5.332e+04  1.153e+04  1.094e+04 -3.114e+05  1.406e+05   1.12e+05  1.259e+05  5.762e+04  4.612e+04  3.445e+04 -1.474e+05 -5.105e+06 -2.515e+05  6.196e+04  7.346e+04   5.71e+04  4.769e+04  8.582e+04  5.638e+04  5.483e+04  8.493e+04  1.172e+04  2.127e+04  4.538e+04  8.688e+04  1.348e+05  1.303e+05  5.726e+04  3.586e+04  6.541e+04  5.245e+04  9.931e+04  9.357e+04  9.042e+04  8.584e+04  6.972e+04  7.442e+04
  8.596e+04  1.012e+05  6.751e+04  3.738e+04  2.825e+04 -1.057e+05   3.18e+04 -5.545e+04  6.225e+04  9.902e+04  1.115e+05  1.233e+05 -6.995e+04 -9.534e+04  2.356e+05  1.293e+05 -7.384e+04  7.765e+04  4.084e+04       4327  1.926e+05       8344  9.434e+04  5.155e+04  3.191e+04  3.428e+04  4.936e+04  5.849e+04  9.597e+04       6826  4.368e+04  6.577e+04  7.309e+04 -3.414e+04  5.047e+04  8.445e+04  5.458e+04 -2.515e+05 -3.373e+06  7.767e+04  1.142e+05  2.754e+04  8.454e+04  7.625e+04  5.757e+04  4.161e+04  7.844e+04  3.808e+04  5.586e+04  -1.11e+04  4.612e+04  5.844e+04  9.374e+04  5.525e+04  8.008e+04  6.992e+04  5.078e+04  1.057e+05   9.41e+04  7.808e+04  8.399e+04  6.858e+04  7.656e+04
  1.255e+05  1.262e+05  7.367e+04 -1.804e+05 -4.549e+05 -5.597e+05 -1.505e+06 -3.602e+06 -4.688e+06 -2.896e+06 -1.502e+06 -1.821e+05 -1.222e+05  1.913e+05  1.784e+05 -4.937e+05 -3.909e+05 -4.231e+05 -4.017e+05 -3.593e+05 -1.168e+06 -6.326e+05 -2.593e+05  1.501e+05 -1.315e+05 -9.725e+05 -4.245e+05 -4.857e+05 -1.213e+06  4.556e+05  -3.44e+05 -1.658e+06   1.15e+05 -1.649e+06 -5.832e+05 -6.236e+05 -1.635e+05  6.196e+04  7.767e+04 -7.859e+07 -2.856e+06  1.022e+05 -9.931e+05 -1.578e+06 -3.689e+05  -7.74e+05 -4.693e+05 -9.561e+04 -6.105e+05 -1.444e+05 -1.379e+05 -9.084e+04  1.618e+04 -1.733e+05 -3.098e+05 -5.995e+04 -2.342e+04  1.212e+04  1.807e+05   1.34e+05  1.175e+05  1.085e+05  1.439e+05
  1.165e+05  7.545e+04  3.478e+04 -9.682e+04 -1.876e+05 -5.932e+05 -2.174e+06 -7.189e+05 -1.126e+06  -1.34e+06 -4.993e+05  -1.34e+05 -3.015e+05 -2.289e+05 -1.184e+05  1.344e+05  -8.36e+05  5.319e+04 -2.245e+05 -2.695e+05  -6.48e+05  2.619e+04 -7.297e+04      -5948 -1.454e+05 -2.057e+04   -7.1e+05 -3.102e+05 -3.499e+05  1.856e+05 -2.791e+05  8.087e+04 -9.709e+04   -8.2e+05 -1.981e+05  -1.93e+05  -9.19e+04  7.346e+04  1.142e+05 -2.856e+06 -2.038e+07 -1.689e+05 -1.678e+06 -5.497e+04 -1.982e+05 -2.297e+05 -1.206e+05 -1.109e+05 -3.627e+05       4159 -4.529e+04  1.673e+05  1.126e+05       7928 -8.836e+04       3682  2.966e+04  8.596e+04   1.12e+05  1.088e+05  8.366e+04   1.34e+05   9.79e+04
   8.62e+04  7.628e+04  5.183e+04 -3.511e+04 -9.486e+04  -1.72e+05 -1.401e+05 -3.154e+05 -1.587e+05 -5.218e+04 -3.567e+04 -1.066e+05 -2.536e+04  -9.07e+04 -1.082e+05  2.394e+05 -5.625e+04 -7.499e+04  -6.01e+04      -7342 -1.157e+05 -3.246e+04  -4.62e+04 -6.434e+04 -8.669e+04  2.341e+05  2.667e+04  1.284e+04  4.138e+04  1.758e+05  1.146e+05   7.87e+04       4415      -5405      -7944  1.854e+04      -9650   5.71e+04  2.754e+04  1.022e+05 -1.689e+05 -3.332e+06  5.812e+04      -7189       6725  2.715e+04       4900 -1.043e+04 -4.754e+04       6949     -671.8  1.192e+05   1.13e+05  1.589e+04  3.781e+04   4.24e+04  2.075e+04  8.383e+04  8.398e+04  9.022e+04  9.314e+04  7.563e+04  7.973e+04
  9.928e+04   7.87e+04  7.137e+04  2.706e+04 -1.356e+04 -2.596e+05  -5.35e+05 -5.208e+05 -5.873e+05 -5.739e+05  -2.74e+05 -3.132e+05 -4.764e+05 -2.443e+05  2.484e+05 -2.699e+04 -1.913e+05 -7.629e+04 -1.061e+05 -1.529e+05 -6.174e+04 -1.261e+05 -1.482e+05  9.592e+04  2.745e+04 -2.524e+05 -4.295e+05 -3.041e+05 -2.506e+05  4.276e+04 -4.128e+04 -1.567e+05 -2.058e+05 -4.892e+05 -7.481e+04 -7.152e+04 -3.581e+04  4.769e+04  8.454e+04 -9.931e+05 -1.678e+06  5.812e+04     -1e+07 -1.294e+05 -3.453e+04 -1.833e+05 -7.619e+04 -3.588e+04      -8305  1.146e+04       7874  1.128e+05  1.233e+05       2553  2.912e+04  1.733e+04   3.55e+04  5.953e+04  8.739e+04  8.652e+04  7.653e+04  1.015e+05  7.016e+04
  1.026e+05  1.194e+05  6.758e+04  4.291e+04       9330 -2.116e+05 -3.393e+05 -5.226e+05 -6.726e+05 -9.086e+05 -3.855e+05 -2.221e+05 -4.143e+04 -8.395e+04  3.383e+05   5.77e+04  4.535e+04  3.973e+04 -1.918e+05 -3.049e+04 -1.572e+05 -6.702e+04 -1.393e+05 -1.074e+05 -2.243e+04 -1.309e+05 -1.279e+05 -1.996e+05 -1.093e+05 -5.331e+05  -1.98e+05 -3.077e+05 -1.775e+05 -4.315e+05 -1.067e+05 -1.513e+05  -2.72e+04  8.582e+04  7.625e+04 -1.578e+06 -5.497e+04      -7189 -1.294e+05 -7.332e+06 -8.256e+04 -2.084e+05 -1.365e+05  6.047e+04 -8.698e+04 -3.892e+04  1.769e+04  6.904e+04  6.882e+04  3.029e+04 -3.251e+04  4.187e+04  6.209e+04  9.474e+04  1.084e+05  1.044e+05  9.155e+04   7.67e+04  8.897e+04
  9.337e+04  5.355e+04  1.344e+04 -8.168e+04  -1.77e+05 -2.678e+05  5.786e+04 -8.128e+05 -5.774e+05 -8.716e+05  -2.84e+05 -2.883e+05 -2.416e+05  4.621e+04 -4.188e+05 -2.858e+05 -2.872e+05 -7.661e+04 -1.236e+05 -1.655e+05 -1.687e+05 -1.735e+05 -3.896e+04 -2.936e+05 -1.525e+05 -2.416e+05 -8.008e+04 -1.616e+05 -2.074e+05 -1.531e+05 -4.678e+04 -1.015e+05 -4.361e+04 -5.088e+05  -9.54e+04 -2.422e+05 -9.798e+04  5.638e+04  5.757e+04 -3.689e+05 -1.982e+05       6725 -3.453e+04 -8.256e+04 -3.908e+06 -1.419e+05 -4.356e+04 -1.805e+04 -1.716e+05 -1.383e+05 -6.646e+04  1.328e+05  7.871e+04       4167 -3.331e+04      -3956  4.571e+04  9.187e+04  7.811e+04  8.076e+04  7.634e+04  8.882e+04  8.722e+04
  8.347e+04  5.105e+04  2.681e+04 -3.518e+04 -4.393e+04 -2.099e+05 -1.211e+06 -7.954e+05 -2.841e+05  -5.94e+05 -2.167e+05 -7.426e+04 -1.032e+05 -2.351e+04  4.445e+05       7074  1.314e+05  3.433e+04      -5202  4.869e+04  1.812e+05 -4.652e+04  -1.22e+05 -8.087e+04       8945   -6.9e+04 -2.168e+05 -3.595e+05   1.58e+05 -1.239e+05 -7.096e+04 -3.186e+05  -7.14e+04 -7.154e+05 -1.267e+05 -1.548e+05 -8.773e+04  5.483e+04  4.161e+04  -7.74e+05 -2.297e+05  2.715e+04 -1.833e+05 -2.084e+05 -1.419e+05 -1.065e+07 -7.418e+05 -6.676e+04 -2.822e+05 -1.148e+05 -9.015e+04  6.743e+04  1.046e+05 -1.824e+04 -1.014e+05  2.318e+04  7.663e+04  1.023e+05  1.058e+05  9.214e+04  5.105e+04  7.756e+04  8.778e+04
  8.724e+04  7.837e+04  7.413e+04  6.188e+04  5.997e+04 -6.846e+04 -1.764e+05 -5.443e+05 -2.605e+05 -2.314e+05 -1.688e+05 -9.911e+04  -2.11e+05 -5.916e+04 -1.056e+05  1.033e+05 -1.041e+05  1.214e+05  2.202e+04   3.87e+04 -3.497e+05 -6.693e+04 -6.004e+04 -1.243e+05       5546 -2.474e+05      -2775  3.658e+04 -8.795e+04 -1.486e+05 -4.892e+04 -3.146e+04  -8.34e+04 -1.747e+05 -5.875e+04  -9.62e+04  2.955e+04  8.493e+04  7.844e+04 -4.693e+05 -1.206e+05       4900 -7.619e+04 -1.365e+05 -4.356e+04 -7.418e+05 -7.136e+06       3779 -1.495e+05       4339       9540  6.173e+04  2.152e+04  2.835e+04 -5.752e+04  4.327e+04  9.682e+04  9.023e+04  8.996e+04  5.637e+04  9.249e+04  8.533e+04  8.505e+04
  8.358e+04  6.169e+04  4.736e+04 -6.227e+04 -1.064e+05 -8.315e+04  2.279e+04 -2.259e+05 -8.495e+04 -2.071e+05 -7.235e+04 -9.511e+04 -2.248e+05 -2.244e+05  5.738e+04 -1.182e+05 -1.175e+05 -1.397e+05  -4.96e+04  6.979e+04   3.73e+04  -1.24e+05 -6.796e+04  5.285e+04       3940  1.424e+05  3.001e+04  7.043e+04  5.778e+04  1.387e+05      -5256  2.953e+04  6.897e+04 -8.834e+04  2.955e+04 -4.489e+04 -1.671e+04  1.172e+04  3.808e+04 -9.561e+04 -1.109e+05 -1.043e+04 -3.588e+04  6.047e+04 -1.805e+04 -6.676e+04       3779 -3.551e+06 -4.224e+04  -5.02e+04  -1.91e+04      -9409  7.128e+04  1.477e+04 -1.145e+04  3.059e+04  4.109e+04  9.228e+04  6.244e+04  8.309e+04  6.784e+04  6.752e+04  7.016e+04
  9.548e+04  7.748e+04  4.166e+04  5.184e+04 -3.237e+04 -4.681e+06 -1.251e+06 -9.897e+05 -6.138e+05  -5.79e+05 -1.735e+05 -1.153e+05 -3.098e+05 -5.332e+05       4176 -8.511e+05  3.288e+05 -1.508e+05 -1.728e+05 -8.403e+04 -2.234e+05 -2.709e+05 -6.294e+04 -3.335e+05 -3.864e+05 -2.221e+05 -4.947e+04  3.408e+04 -8.459e+04      -2615  2.972e+05  5.451e+04 -2.106e+05 -6.198e+05 -2.461e+05 -2.787e+05 -1.516e+05  2.127e+04  5.586e+04 -6.105e+05 -3.627e+05 -4.754e+04      -8305 -8.698e+04 -1.716e+05 -2.822e+05 -1.495e+05 -4.224e+04 -1.827e+07 -1.018e+06  -2.24e+05  1.381e+04  4.413e+04 -6.949e+04  -8.22e+05  1.143e+04  7.912e+04  1.055e+05  3.193e+04  9.154e+04   6.26e+04  9.398e+04  6.274e+04
  5.969e+04  2.731e+04      -5711 -7.566e+04 -1.735e+05 -9.548e+05 -2.399e+05 -3.518e+05 -4.722e+05 -5.366e+05 -1.787e+05 -3.155e+05  1.331e+04 -2.285e+05 -6.268e+05 -5.483e+05  -3.82e+05 -7.303e+04 -3.056e+04 -1.677e+05 -3.759e+05 -8.654e+04  -1.16e+05      -4604 -6.255e+04 -1.703e+05 -1.435e+05  2.464e+04  2.289e+04 -4.901e+05  5.285e+04       8163 -9.821e+04 -3.952e+05 -9.704e+04 -1.239e+05 -1.563e+05  4.538e+04  -1.11e+04 -1.444e+05       4159       6949  1.146e+04 -3.892e+04 -1.383e+05 -1.148e+05       4339  -5.02e+04 -1.018e+06 -9.966e+06  -7.05e+05  6.258e+04  1.196e+05 -3.956e+05  6.877e+04 -1.007e+04  5.432e+04  1.065e+05  3.116e+04  7.526e+04  8.852e+04  5.996e+04  7.339e+04
  6.787e+04  2.901e+04  1.354e+04 -5.222e+04 -1.024e+05  -2.02e+05 -7.585e+04 -1.286e+05 -1.814e+05 -6.217e+04 -4.771e+04  2.021e+04  2.896e+04 -1.847e+05  2.906e+05 -1.322e+05     -467.7 -1.072e+05 -4.846e+04 -2.718e+04 -1.346e+05 -5.696e+04  2.127e+04 -6.613e+04  2.759e+04  1.841e+05 -1.028e+04  8.641e+04  1.393e+05 -1.665e+04  4.045e+04  2.576e+04  4.059e+04 -2.004e+05 -1.225e+04       3226 -1.156e+04  8.688e+04  4.612e+04 -1.379e+05 -4.529e+04     -671.8       7874  1.769e+04 -6.646e+04 -9.015e+04       9540  -1.91e+04  -2.24e+05  -7.05e+05  -3.13e+06  2.188e+04  8.386e+04  1.019e+05 -1.324e+04       4104  5.391e+04  8.317e+04  3.263e+04   5.19e+04  5.981e+04  7.096e+04  5.692e+04
   1.07e+05  1.307e+05  1.906e+04  7.749e+04  9.431e+04  2.256e+05  1.508e+05  1.134e+05  1.173e+05  1.348e+05  1.128e+05 -6.915e+04 -1.329e+05  1.986e+05 -6.079e+05 -1.143e+05  2.382e+05 -1.528e+05       7944       9190  9.882e+04  7.058e+04  2.419e+05  2.014e+05 -9.679e+04  4.969e+05  1.874e+05  5.382e+04 -3.222e+05 -2.082e+05  1.681e+05  -4.62e+04  1.823e+05 -7.144e+04 -1.299e+04  1.176e+05  4.279e+04  1.348e+05  5.844e+04 -9.084e+04  1.673e+05  1.192e+05  1.128e+05  6.904e+04  1.328e+05  6.743e+04  6.173e+04      -9409  1.381e+04  6.258e+04  2.188e+04 -1.832e+07  -2.38e+06  3.318e+04  1.298e+04  7.415e+04  6.459e+04  1.046e+05  1.368e+05  1.065e+05  9.819e+04  1.038e+05  6.648e+04
  1.382e+05  1.462e+05  1.458e+05  1.677e+05  1.422e+05  1.587e+05  1.301e+05  8.712e+04 -6.612e+04  7.948e+04  3.392e+04  1.527e+05 -2.076e+05  1.729e+05 -3.965e+04  -1.68e+05  1.555e+05  -1.14e+04   2.19e+05  8.957e+04  7.589e+04  4.931e+04 -4.555e+04   1.83e+04  2.081e+05  2.552e+05 -5.482e+04  3.235e+04  5.419e+04 -1.429e+06   1.02e+05 -1.451e+05  3.685e+04  3.331e+04 -3.636e+05  1.243e+04  1.096e+05  1.303e+05  9.374e+04  1.618e+04  1.126e+05   1.13e+05  1.233e+05  6.882e+04  7.871e+04  1.046e+05  2.152e+04  7.128e+04  4.413e+04  1.196e+05  8.386e+04  -2.38e+06 -1.472e+07  4.807e+04  5.714e+04  9.649e+04   1.14e+05  1.142e+05  8.842e+04  1.332e+05  7.712e+04  1.019e+05   9.54e+04
  8.223e+04  2.643e+04  4.353e+04      -6119 -5.201e+04 -1.075e+05  5.042e+04 -2.719e+04 -8.318e+04 -3.927e+04 -1.311e+04  9.224e+04  3.739e+04  3.636e+04 -1.292e+04  2.823e+04 -2.979e+04       9035  4.012e+04 -5.337e+04   1.02e+05 -1.842e+04  2.447e+04  2.393e+04 -1.417e+04 -9.323e+04     -360.9 -7.451e+04       1275  1.543e+05  3.823e+04 -5.237e+04  1.291e+04  -4.77e+04  2.497e+04  1.925e+04 -2.325e+04  5.726e+04  5.525e+04 -1.733e+05       7928  1.589e+04       2553  3.029e+04       4167 -1.824e+04  2.835e+04  1.477e+04 -6.949e+04 -3.956e+05  1.019e+05  3.318e+04  4.807e+04 -2.208e+06     -949.5  3.391e+04  5.638e+04  9.129e+04  5.922e+04  7.066e+04  6.631e+04  5.793e+04  6.882e+04
